24297623
23857717
18166110
23635779
26859682
24455337
26412148
24521039
10970827
17566599
26770064
20227654
22415779
19483322
25165861
25371901
28115165
26291008
27385986
22359164
21930909
4005813
27197534
28838404
6442455
20197313
28765921
24469055
25456421
22934141
16551617
28783725
24587021
17274985
27403934
24218589
26717042
24317514
23907289
19843645
24892958
23187307
28109288
22458836
19142370
2987136
24428777
21726823
26142739
22434375
22778316
26713294
28115307
23454206
16499317
24633316
21264089
20689177
28802709
21253648
23872666
22714864
28781854
27809255
22037792
3182336
23877371
23205134
25924237
25277813
22778546
21997597
27162539
16463657
25889632
23059821
23207440
20837450
27621886
10807968
17611930
19875512
27763636
26912058
25981222
28231386
23314312
29098036
22355057
23591990
25337879
25277092
21422421
26094077
23868951
25333250
28115792
24524365
23879483
2421885
25425269
26715840
25801750
28371048
15941563
22260051
20564340
20455086
22369939
15569048
26148229
26746366
12918063
27247934
15500660
17409995
28371397
28489818
16619240
18375382
28959361
23249254
10750779
23818376
28066672
25354789
12692112
21192845
26823294
24098368
19887879
23489365
27753661
22617502
26744687
28912847
16125301
22484428
11778901
25531322
26996489
28260069
23743928
26744688
12993282
6201454
23117801
16996967
29058293
25493086
25740944
23603641
24582749
25347993
23693014
25941442
8390281
24550186
29145194
27491937
28745320
26170125
28383802
26806760
24987704
25498514
19194578
16672223
21594553
24570539
28339070
26181765
16710347
22302300
26488209
28927114
27538584
23587017
25742782
28483135
27687868
25010937
23995788
25882025
27712196
29130101
28289710
28894382
21106301
26517962
26609535
22722787
23910397
26608347
23598721
17785952
2454334
27143936
9808427
29093430
9219564
28550680
24903339
24688712
24782938
26488015
19309085
22186896
26182364
25762400
20847073
24938684
28771722
25295103
22689919
24318287
8399360
25781862
23912840
27126519
19947923
16616155
25573239
22042618
25202432
26864623
26828653
26751774
28435290
27676508
22454661
24604247
22070055
25468201
18618142
28165895
28074102
22654017
23762799
6438851
16766261
24788469
24281247
25499173
27347151
26745061
2713811
28932544
24599899
22393082
21599956
21167048
21687943
23926068
20035825
10088553
28677069
22653055
20486075
29070993
2072410
26642845
26068764
23512814
28336963
2432408
27896996
26299367
7843080
9891926
27969452
25890228
25099128
28135125
9128293
17805056
24548766
3370736
24284132
26259861
22605530
12186365
28770968
22481253
27777857
25029118
21617857
12399124
25793929
26722491
23448770
28879441
24673604
22467238
26483346
27025651
27250582
23510472
28031832
21953030
18299280
18525298
8276819
28475889
27521795
28837251
28391386
11745231
22586569
26091466
20525880
25588040
27777768
27610375
11145250
28487970
27516885
23529818
25644601
25895031
29106595
22408435
27321444
18303429
26282606
26177377
26403398
26765787
23091557
18554413
17208331
24124538
28791371
25704182
23874428
26682534
26056324
2322314
21899308
23815338
28444861
28258635
24687913
24778011
22045881
25648219
1720807
9208905
28679956
23578175
26834492
27740967
24659807
23817662
27919939
25815686
28174489
25325012
24852329
20438698
16407879
22344462
24008518
28432617
19124564
10358952
24317178
23135908
22095029
25868726
21373752
7718490
25351816
16323170
25573293
28823173
23385860
12114434
2071450
25347933
9413155
23705865
23837018
26071953
20228843
22673957
28380452
24768118
28223168
11381372
9375708
11832148
28932525
12040399
17903034
24063280
21946324
28051122
22139090
24683000
25672894
12517954
22987984
26029509
28240017
20043850
25879366
24532687
23328549
22370939
27766778
27693631
22246423
25758528
28904817
27799870
27433025
24380866
24743427
28009353
15890018
3567302
24825040
21151896
27998273
26935347
20931112
26273339
25937073
27676473
24958515
28093081
27166720
25192889
23532101
21256322
26273371
28678321
21327329
23592724
24928833
22200874
26328253
12151310
24266369
25202339
28817813
27213344
22194472
28720066
23208338
22471490
3791191
20462980
24441398
26397133
16528673
26990359
23128378
28912897
29069459
25889623
25349701
22211192
24481317
12167787
17906564
28559406
25483817
18782567
28744138
28454121
22484930
28223119
26053738
19625346
24166494
28214344
28523350
24156959
15723336
22684718
27335052
26206395
10470843
24435003
26397184
21737632
22088988
26705302
23576174
22940844
24283707
8695349
29147576
17449954
23243218
27795727
16227637
11956302
16177015
19629892
22115731
24692715
27393517
27173985
18441340
26463718
21789025
24489925
26696594
24131786
26557908
22393100
17320282
18635814
27554588
24799494
24748979
26617774
27533932
20937726
28124437
28588734
12676764
22452896
9703871
26037497
26704363
23956794
22444159
25984054
17699764
17016621
27042221
27212033
25577516
29075127
27041001
26417297
29085465
21559252
3276718
26654768
23922113
26935506
26301689
23544937
27926389
21411993
22689182
24981106
19500428
9252680
12117776
27515192
14706256
26339612
24778025
28259951
26242259
29127699
26845501
24847786
27049049
22425930
24057862
24090735
26445613
20678850
16916954
26696549
24827488
23169516
22964644
22653422
19347942
28970599
20461460
22388643
27161446
24913443
25240495
24420154
28949084
27344360
28498455
25603057
25237732
17277748
22481233
24922692
28438234
9404648
24251405
24366043
18030469
24213127
27779369
11078804
14996858
23563587
15217521
25864879
23945389
10215233
27160687
23927474
24101933
25170642
25228009
27863400
22011671
15233405
23775406
27474067
15473647
1351915
12950155
25044496
25580987
19725745
25376726
19671412
25873885
4053008
20868783
27499944
22134407
23242983
23576472
23430818
25096368
20499251
7847829
2254382
28272845
28454440
19187179
25227801
22135295
20653396
10574260
23049612
27750395
25264888
12946319
26328250
26025564
28983631
1917440
25488962
20123594
29083018
25544576
22450744
19337377
8664005
18395002
24667320
24484057
26081590
27431235
22575513
2522917
23146760
26773504
19707505
19881468
21252858
26459797
28806259
6336970
19414676
23585862
27610367
12097279
24045431
25917202
19010923
19525976
21750552
27526110
28055149
23471879
25868855
17342326
23988499
26001295
25792546
22917272
28684311
25698245
3019195
24722356
28885720
21623283
11597523
27747046
25725609
11115596
23255418
27567474
25763322
23673211
24438557
16489621
28840136
28177518
25632399
23604119
23419122
28915906
12192603
8261574
21283735
9196297
11861397
10541347
10952351
2725496
25918786
25960233
23815759
21601580
28534939
22895800
22846220
26531258
27655285
23748152
12044784
24549863
27108960
22100693
24736586
27014470
29094265
10915785
24453288
18726616
26787602
8609061
25071109
27357447
8631021
27113744
26757934
24852875
21850685
23086014
24449404
28214878
24009626
22085405
24922687
25053373
17599056
11444848
28181135
21058189
22002561
27386342
9556216
9868713
21508357
27699023
20564223
16489016
25636463
28602290
20344885
26766982
28693444
29017331
24224175
19272183
25192290
27420766
18222985
11960282
26124429
28177428
23192197
21141971
23349885
17549351
2054790
24448358
28983601
23468578
29079814
24374738
20497582
28351606
1717144
27702896
25176185
28730614
11751630
25722667
23510015
28515486
24720643
21455298
27932791
28413430
26131129
25364516
27222242
28263966
22985211
15688187
24728343
26056182
15369801
11733230
18608211
22267101
23313300
27134488
24683223
25687585
22108922
14745558
22562770
26045490
22576395
23692086
23674093
21729650
25196850
24932684
24227699
27485074
6279287
21802893
11557114
23943235
23749525
22925805
28212997
25489174
14711473
16095244
23731363
28592712
25725686
24989479
24049307
15063225
26661061
24902879
17510423
26061649
21656749
2170277
28905535
23166115
25772239
25806238
28554329
24913908
27601164
20872189
26471868
16002475
21567365
25469263
7418830
24530441
27188206
28507441
26866271
25421954
21519610
25813151
25840791
23229511
24769346
9645349
16821589
26770062
24500694
18628075
25326677
26135626
16299238
21464700
27916782
21941126
20690800
28570035
23812779
22248682
10100714
15256475
18802408
2297176
23832740
26848271
28540256
22872588
28401582
15274350
16061866
29090354
19577767
26765471
26986830
28649487
23842789
7910096
27183864
27676515
24493734
15899142
26951513
26986176
20738166
20593550
21730270
27170610
24493733
24389446
25563366
26346412
25804888
23422483
25789840
27630338
21768879
29048623
21905922
24565579
18202798
26798987
21068376
23320038
25199682
26622666
28632689
12538343
23468017
23201202
21965228
21357701
20718756
15172979
12717521
26093953
27586393
15688028
21545203
27990560
28744021
15563262
26001153
26837415
22273712
23532112
17945324
26278618
7738366
27482850
22628609
27106428
23215835
28300223
22866100
21159652
25004098
23968395
25987049
16080471
28451792
1900264
18794547
25381822
10503953
26925278
24321579
20079711
10918163
21372426
29067215
12270127
20196851
27277161
21667033
21375784
15896456
21425770
23963137
24481402
25127989
24789679
22633009
28397462
21778873
26649728
17762183
16288213
17121895
21785234
18635669
25446816
3108460
24577055
24846037
26131732
23328112
26936516
25526029
24421220
19412661
24300726
22240024
22593466
21273642
14533441
26957057
26841430
23312887
22815814
26231190
26916631
28243626
22344855
20853876
15901597
26893680
26715839
29115409
26508552
26742316
23971165
15547743
25847523
21207417
21037017
22500163
22460125
27148411
26637197
25588786
24375198
28979670
18379370
15833436
22858678
24115313
21264972
24053442
27733346
22300576
25295079
28713913
23428976
27869168
23437179
25525035
24464223
12130685
21138653
24324071
20545000
28468579
9570758
26380766
26645716
25442640
27187856
15354098
20184801
27554601
28280984
26140362
24859971
26582240
28560853
11583194
22948118
23649836
10819488
22956772
23269987
11972864
21869716
24994703
22469510
26420912
24279718
28664721
26717043
22451149
9135036
25713296
26896032
22950670
27207663
21187500
15974618
27200298
23851682
12493773
20410650
25368906
26191181
25906387
12929940
24854400
24590268
27270426
9930326
21206976
28465948
26394790
17963278
22778318
20596615
16552419
15541986
27446348
20864350
15982217
19357867
25097456
12428382
19782552
27130717
26329363
15043341
23707782
21251238
16369491
25136468
9406718
3872846
24830600
21567206
9466045
28642881
9133457
27869652
26134684
22372491
13797526
28939896
27553864
16444745
15819721
21764323
21436589
20040098
8990140
20803015
28054731
27468119
11989599
22952152
22566257
24926256
26950100
26966832
6788364
25064355
25312989
26409604
27911863
28362255
25452387
10232601
18089646
3731100
21554678
11429192
24760387
22331473
28739395
26559081
25278773
21503572
18367224
12191568
23749933
19513565
28739485
22641525
25995644
23645454
24499018
26337532
7518021
21102586
23426528
27563805
14712931
25805399
19543119
23390851
20564630
12071807
28869239
23403771
26686386
24065199
14739904
23965803
27893707
24454774
2419298
28287179
25593976
21847068
27027665
22137433
11176288
21607772
8761368
26721593
1424385
21132403
25326153
20972458
24675500
25806222
21725601
12919308
16448031
22156994
26201703
12616361
15292942
7547034
22558353
15138593
24651909
25349706
22071781
27922678
26640118
26035298
24161045
15840953
28082103
22592211
23794492
9637487
26984042
2415250
23733758
